# t 	[A] 	[B] 	[P] 	[Q] 	[X] 	[Y] 	[Z] 	
1e-06	0.05999999999997572	0.05999999999992392	1.0086122695450087e-13	1.0047545821624961e-18	1.5851309246079394e-10	3.019951190017822e-07	4.78630374118644e-08	
1.000001000007918	0.059994606357213216	0.059073555376982244	0.0002058506685918072	0.0003656906741149123	5.03021073019277e-11	0.0002623876272577045	0.00045855618538535376	
2.0000009999256516	0.05996231924160322	0.05907353161932528	0.000270448657266548	0.0003656906742233325	5.024887699693839e-11	0.00048766125622813107	0.00016870832534783567	
3.0000010000654296	0.059921425347242166	0.05907350788105686	0.0003522601842137454	0.0003656906743317527	5.021313256144589e-11	0.0005125024949429081	6.207929806881628e-05	
4.0000010002052075	0.05988168920361723	0.05907348415837295	0.00043175619392739676	0.00036569067444017293	5.018230040239411e-11	0.0004722568250542142	2.285268087921579e-05	
5.0000010003449855	0.05984605241597087	0.059073460449213876	0.0005030534783312836	0.00036569067454859315	5.0156731032612e-11	0.00041541391704257025	8.422013777318851e-06	
6.0000010004847635	0.05981504662657983	0.05907343675045007	0.0005650887553757235	0.00036569067465701336	5.013638415444659e-11	0.0003587110882639167	3.1132639519648333e-06	
7.0000010006245414	0.05978840084053383	0.05907341306025131	0.0006184040172721335	0.0003656906747654336	5.012094863349755e-11	0.00030737250052145955	1.160279787639199e-06	
8.000001000764318	0.05976561933296974	0.05907338937711192	0.0006639907159919879	0.0003656906748738538	5.011008396859853e-11	0.00026252795175802084	4.418136091565127e-07	
9.000001000015917	0.05974618326887944	0.0590733656967016	0.0007028865236353923	0.000365690674982274	5.010351809823112e-11	0.00022392013507614928	1.7750230628291138e-07	
10.000000999267517	0.059729615744522235	0.0590733420211956	0.0007360452496760166	0.00036569067509069423	5.0101077731326466e-11	0.000190882322454477	8.026641322400133e-08	
11.000000998519116	0.059715498050818175	0.0590733183456896	0.0007643043142058398	0.00036569067519911445	5.010269524548713e-11	0.0001626827063444292	4.4495315886405865e-08	
12.000000997770716	0.059703469192097215	0.05907329466675364	0.0007883857104826931	0.00036569067530753467	5.010840971568632e-11	0.00013863814736693865	3.1337058333363074e-08	
13.000000997022315	0.05969322024285841	0.05907327098430874	0.0008089072914746946	0.0003656906754159549	5.011836828946114e-11	0.00011814508731881341	2.6498842272890693e-08	
14.000000996273915	0.05968448764233609	0.05907324729571484	0.0008263961807800193	0.0003656906755243751	5.0132829959866435e-11	0.00010068166262502235	2.472270695717382e-08	
15.000000995525514	0.05967704680280831	0.05907322359910273	0.0008413015560508599	0.0003656906756327953	5.015217243028371e-11	8.580063204264741e-05	2.407445548679958e-08	
16.000000994777114	0.059670706427896555	0.05907319989238602	0.0008540060124659116	0.00036569067574121554	5.017690241873932e-11	7.312011423002638e-05	2.3842671903847886e-08	
17.00000099580507	0.059665303594642734	0.059073176172593285	0.000864835398635411	0.00036569067584963575	5.020766974927481e-11	6.231452480984937e-05	2.3765816887287665e-08	
18.000000996833027	0.05966069954197477	0.05907315243626414	0.0008740672397391651	0.00036569067595805597	5.024528569754905e-11	5.3106437633635124e-05	2.3747897226891293e-08	
19.000000997860983	0.059656776079482825	0.05907312868071253	0.0008819379200606203	0.0003656906760664762	5.029074622997252e-11	4.5259506922042105e-05	2.3753872833529982e-08	
20.00000099888894	0.05965343253005091	0.059073104901581554	0.0008886487978141018	0.0003656906761748964	5.03452609893813e-11	3.857239100140621e-05	2.3771187064960113e-08	
21.000000999916896	0.059650583128284834	0.05907308109430475	0.0008943714083986354	0.0003656906762833166	5.041028914560737e-11	3.2873563301266494e-05	2.379562435161886e-08	
22.000001000944852	0.05964815480689326	0.05907305725352368	0.0008992518917666741	0.00036569067639173684	5.048758356622767e-11	2.8016890304342908e-05	2.38261196258701e-08	
23.00000100197281	0.05964608531293716	0.05907303337273775	0.0009034147600714763	0.00036569067650015706	5.05792452006784e-11	2.3877865944722502e-05	2.3862863736278568e-08	
24.000001003000765	0.05964432160452089	0.05907300944485293	0.0009069661044700066	0.0003656906766085773	5.06877901505819e-11	2.0350405663710824e-05	2.3906624850973996e-08	
25.00000100402872	0.059642818485921165	0.05907298546111122	0.0009099963250714695	0.0003656906767169975	5.0816232678636534e-11	1.734411690301756e-05	2.395852153103238e-08	
26.000001005056678	0.059641537445517735	0.05907296141130701	0.0009125824553473091	0.0003656906768254177	5.096818847207114e-11	1.4781975009132721e-05	2.4019967444979884e-08	
27.000001006084634	0.05964044566622882	0.05907293728332688	0.0009147901415627827	0.0003656906769338379	5.1148003947947156e-11	1.2598344100185425e-05	2.409268624067443e-08	
28.00000100711259	0.05963951518275256	0.05907291306267935	0.000916675328680289	0.00036569067704225814	5.1360919451802514e-11	1.073729149581204e-05	2.417876131095847e-08	
29.000001008140547	0.05963872216375223	0.0590728887324454	0.0009182856964600708	0.00036569067715067836	5.161327713918801e-11	9.151152010855508e-06	2.428071031048291e-08	
30.000001009168503	0.059638046300404146	0.05907286427216578	0.0009196618829434508	0.0003656906772590986	5.1912788576121595e-11	7.799304954217595e-06	2.4401584614613504e-08	
31.00000101019646	0.05963747028551145	0.05907283965735048	0.0009208385269506326	0.0003656906773675188	5.2268883333884804e-11	6.647132226939422e-06	2.4545099306609156e-08	
32.00000101122441	0.059636979369741785	0.05907281485868217	0.0009218451565195547	0.000365690677475939	5.2693169185654796e-11	5.665130628119566e-06	2.4715803631605696e-08	
33.000001008699655	0.05963656098355442	0.0590727898406238	0.0009227069462217266	0.00036569067758435923	5.320004874560497e-11	4.828155480941715e-06	2.491930703986668e-08	
34.0000010061749	0.059636204415079615	0.05907276456005609	0.0009234453629083174	0.00036569067769277945	5.380755957257221e-11	4.114776091271177e-06	2.516258338578672e-08	
35.00000100365014	0.059635900535672144	0.0590727389642342	0.000924078716580878	0.00036569067780119966	5.4538540169464354e-11	3.506726438233876e-06	2.545438734316961e-08	
36.00000100112538	0.05963564156608707	0.0590727129881831	0.0009246226306753524	0.0003656906779096199	5.542228238062124e-11	2.9884369450365267e-06	2.580583553474065e-08	
37.000000998600626	0.059635420877277266	0.05907268655110574	0.0009250904440418318	0.0003656906780180401	5.6496928879856317e-11	2.546635250372749e-06	2.6231235398245236e-08	
38.00000099607587	0.059635232820716234	0.059072659551431234	0.0009254935552662408	0.0003656906781264603	5.781304636379448e-11	2.1700056438579446e-06	2.674929705228742e-08	
39.00000099355111	0.05963507258391093	0.05907263185969079	0.0009258417187115912	0.0003656906782748222	5.943911844613865e-11	1.8488982748712743e-06	2.7384956249299904e-08	
40.000000991026354	0.05963493606743886	0.059072603308224655	0.0009261433008041045	0.00036569067843745254	6.147030096680352e-11	1.5750804012524956e-06	2.8172208767458522e-08	
41.0000009885016	0.05963481978042495	0.05907257367535859	0.000926405504806637	0.00036569067860008287	6.404299175184136e-11	1.3415227767034217e-06	2.9158693094781635e-08	
42.00000098597684	0.059634720751911535	0.05907254266053874	0.0009266345729924977	0.0003656906787627132	6.736037899048523e-11	1.1422146471090239e-06	3.041345725420559e-08	
43.00000098345208	0.059634636456099545	0.05907250984265441	0.000926835977733819	0.00036569067895901515	7.174026088106573e-11	9.720003348130582e-07	3.204091119184622e-08	
44.000000980927325	0.05963456475009629	0.05907247460577711	0.0009270146202008603	0.0003656906791758556	7.771239764776502e-11	8.264278355878487e-07	3.420782161684197e-08	
45.00000097840257	0.05963450382383313	0.05907243599418653	0.0009271750752560644	0.0003656906794439949	8.624044181117573e-11	7.015912381281968e-07	3.7200955016589874e-08	
46.00000097587781	0.059634452164232146	0.05907239239152357	0.0009273219833614554	0.00036569067978835143	9.931702843485188e-11	5.939182095755722e-07	4.156854025681591e-08	
47.00000097335305	0.059634408543615486	0.05907234065660916	0.0009274609358350014	0.00036569068026970575	1.220295553145423e-10	4.99718122825509e-07	4.855106813954889e-08	
48.000000970828296	0.05963437208199524	0.0590722727618465	0.0009276016997263005	0.00036569068110356776	1.7447197662629096e-10	4.133542298994795e-07	6.20458324637499e-08	
49.00000096830354	0.059634343204988755	0.05907200171751492	0.000927904520364012	0.0003656907997197551	2.5914946190251263e-08	1.9443248341540085e-07	2.491912719613541e-07	
50.00000096577878	0.05962730210190031	0.05817309040175504	0.001131466452997407	0.0007204195268443015	4.998849659715902e-11	0.0002871724598573667	0.0004086205470063875	
51.000000963254024	0.05959475597904046	0.058173067150161566	0.0011965819499745855	0.0007204195269527217	4.9940847677250865e-11	0.00048036304135946325	0.00015033771992855336	
52.00000096072927	0.059555141861337486	0.05817304391689318	0.0012758334187688712	0.0007204195270611419	4.990668851970878e-11	0.0004961517117176778	5.532081433203984e-05	
53.00000095820451	0.059517022660352595	0.05817302069810527	0.0013520950393472258	0.0007204195271695622	4.987740031398346e-11	0.0004548680677965918	2.0366056451271115e-05	
54.00000095567975	0.05948293617339371	0.05817299749152695	0.00142029121942012	0.0007204195272779824	4.985325062511334e-11	0.0003995542321625143	7.5069183406067866e-06	
55.000000953154995	0.059453297237172624	0.05817297429539825	0.0014795922879466215	0.0007204195273864026	4.98341497599474e-11	0.0003450069763169535	2.776301924212868e-06	
56.00000095063024	0.05942781824774467	0.05817295110680877	0.0015305734550989847	0.0007204195274948228	4.981978773559767e-11	0.00029578929810540497	1.036001465287691e-06	
57.00000094810548	0.05940601931693288	0.05817292792396424	0.0015741944993621312	0.000720419527603243	4.9809843348642276e-11	0.00025283166057818565	3.95777557614765e-07	
58.00000094558072	0.05938740573664095	0.0581729047452983	0.0016114448389214955	0.0007204195277116632	4.980406735636408e-11	0.0002158400274958643	1.602502492306202e-07	
59.000000943055966	0.05937152475260199	0.05817288156939266	0.0016432299842132523	0.0007204195278200835	4.9802307629699784e-11	0.00018416470624028127	7.360362295688667e-08	
60.00000094053121	0.059357979292856085	0.05817285839348702	0.001670344081012657	0.0007204195279285037	4.980451457130225e-11	0.00015710566228663324	4.172828195524887e-08	
61.00000093800645	0.059346426972569824	0.05817283521411241	0.0016934719008303545	0.0007204195280369239	4.98107419412197e-11	0.00013401274687060077	3.0003334304617765e-08	
62.000000935481694	0.05933657460926992	0.058172812031267875	0.0017131998105282512	0.0007204195281453441	4.9821148394770085e-11	0.00011431233130840485	2.5692505707886644e-08	
63.00000093295694	0.0593281718649055	0.05817278884198115	0.0017300284882051798	0.0007204195282537643	4.9836001460998216e-11	9.75084248498502e-05	2.4110450216020295e-08	
64.00000093043218	0.05932100522308232	0.05817276564445458	0.001744384968807499	0.0007204195283621845	4.985568454767455e-11	8.317571824577456e-05	2.3533624569940793e-08	
65.00000092790742	0.059314892644190674	0.058172742437142023	0.0017566333339097994	0.0007204195284706048	4.9880707285361286e-11	7.095076620468561e-05	2.3328107059834788e-08	
66.00000092538266	0.05930967893935784	0.05817271921665106	0.0017670839638916909	0.000720419528579025	4.9911719544721177e-11	6.052342401052751e-05	2.3260864580014263e-08	
67.00000092285791	0.059305231806592154	0.058172695979793916	0.0017760014657009948	0.0007204195286874452	4.994952958410445e-11	5.162917319442971e-05	2.3246386882092428e-08	
68.00000092033315	0.0593014384479657	0.05817267272394698	0.001783611438581034	0.0007204195287958654	4.999512695320549e-11	4.4042449088688996e-05	2.325348470764694e-08	
69.00000091780839	0.059298202686975277	0.05817264944487913	0.0017901062394309953	0.0007204195289042856	5.004971098590967e-11	3.757090983619878e-05	2.327101042590028e-08	
70.00000091528364	0.05929544251326533	0.05817262613796739	0.0017956498934679763	0.0007204195290127058	5.011472597228259e-11	3.2050538434884196e-05	2.3295256862678675e-08	
71.00000091275888	0.05929308799142633	0.05817260279813316	0.0018003822767541022	0.0007204195291211261	5.0191904425554056e-11	2.734146495876157e-05	2.3325333284607212e-08	
72.00000091023412	0.0592910794796671	0.058172579419161936	0.0018044226789985527	0.0007204195292295463	5.028332028333026e-11	2.3324405588451434e-05	2.336147869767065e-08	
73.00000090770936	0.059289366112185375	0.058172555993784285	0.0018078728389908842	0.0007204195293379665	5.039145444236015e-11	1.989762795420236e-05	2.3404459040408554e-08	
74.0000009051846	0.05928790450597164	0.05817253251365744	0.0018108195311943732	0.0007204195294463867	5.051927577876087e-11	1.6974364950141576e-05	2.345536726609552e-08	
75.00000090265985	0.05928665765868975	0.05817250896884257	0.0018133367702436525	0.0007204195295548069	5.0670341831331774e-11	1.4480610532991109e-05	2.3515576881098532e-08	
76.00000090013509	0.05928559400925593	0.05817248534747824	0.0018154876900836113	0.0007204195296632272	5.084892474281748e-11	1.2353240868109846e-05	2.358675863841664e-08	
77.00000089761033	0.05928468663700588	0.058172461635663655	0.0018173261460013416	0.0007204195297716474	5.1060170039481935e-11	1.0538412617415183e-05	2.3670929135854438e-08	
78.00000089508558	0.05928391257893687	0.05817243781671061	0.0018188980806001932	0.0007204195298800676	5.1310298651081394e-11	8.99019734501078e-06	2.3770522510847266e-08	
79.00000089256082	0.05928325224755263	0.058172413870904174	0.0018202426886583087	0.0007204195299884878	5.1606866644850396e-11	7.6694171218333e-06	2.3888485711829112e-08	
80.00000089003606	0.05928268893446651	0.05817238977454356	0.0018213934106266006	0.000720419530096908	5.195910311816784e-11	6.542651599223892e-06	2.40284027461055e-08	
81.0000008875113	0.059282208387090946	0.05817236549915859	0.0018223787801222328	0.0007204195302053282	5.2378355607268415e-11	5.581391231210806e-06	2.419465734242388e-08	
82.00000088498655	0.059281798447646694	0.05817234101043856	0.001823223147030792	0.0007204195303137485	5.2878685932202616e-11	4.761315073929223e-06	2.4392648317288847e-08	
83.00000088246179	0.059281448745301356	0.058172316266658045	0.0018239472946669868	0.0007204195304221687	5.347768048240429e-11	4.061674777422757e-06	2.462907890622788e-08	
84.00000087993703	0.059281150433620415	0.05817229121696914	0.0018245689667582064	0.0007204195305305889	5.4197572511399346e-11	3.464769093569864e-06	2.4912352068039375e-08	
85.00000087741228	0.05928089596666558	0.05817226579877515	0.0018251033177565225	0.0007204195306390091	5.506682888295984e-11	2.955495523667816e-06	2.5253120961632514e-08	
86.00000087488752	0.059280678908066625	0.05817223993432718	0.0018255632980978093	0.0007204195307474293	5.612244616863719e-11	2.5209676772490603e-06	2.5665072164344643e-08	
87.00000087236276	0.059280493768228776	0.05817221352607209	0.0018259599844867578	0.0007204195308558495	5.741336222887263e-11	2.150188554452069e-06	2.6166067571449328e-08	
88.000000869838	0.05928033586557827	0.05817218644990898	0.001826302864087089	0.0007204195309642698	5.900568193894276e-11	1.8337713275460408e-06	2.6779856493382788e-08	
89.00000086731325	0.05928020120835948	0.05817215854547806	0.0018266000806839654	0.00072041953107269	6.099097155847152e-11	1.56370029155162e-06	2.753872748242971e-08	
90.00000086478849	0.059280086394052606	0.05817212960135499	0.0018268586505978614	0.0007204195311811102	6.349999168378892e-11	1.3331254480740101e-06	2.84877762481253e-08	
91.00000086226373	0.05927998852398731	0.058172099331811326	0.0018270846567074828	0.000720419531387974	6.672662915739013e-11	1.1361845598946972e-06	2.969209879580521e-08	
92.00000085973898	0.059279905131214145	0.05817206733818408	0.0018272834312566578	0.0007204195316048145	7.09723419609177e-11	9.678461127966102e-07	3.1249623602475154e-08	
93.00000085721422	0.05927983412030474	0.058172033040561795	0.0018274597445018044	0.0007204195318216549	7.67357206468414e-11	8.237643988572212e-07	3.331571679684236e-08	
94.00000085468946	0.05927977371867211	0.058171995545894375	0.0018276180337352425	0.0007204195320686508	8.491381212175705e-11	7.001304616356199e-07	3.615508636834148e-08	
95.0000008521647	0.05927972244112061	0.05817195336077459	0.001827762760883116	0.0007204195323939114	9.733084890435943e-11	5.934765926062663e-07	4.026692763014084e-08	
96.00000084963995	0.059279679076005044	0.05817190363786992	0.001827899191923197	0.0007204195328609181	1.1851055329090238e-10	5.002802018578819e-07	4.675518304414909e-08	
97.00000084711519	0.05927964273305941	0.05817183940239623	0.0018280360651377395	0.0007204195336292637	1.6512175794075424e-10	4.1548018177949386e-07	5.89174620985828e-08	
98.00000084459043	0.05927961338233855	0.058171715919782915	0.0018282177194110661	0.0007204195369104116	6.883404143829644e-10	3.0815926399575266e-07	1.080667198873873e-07	
99.00000084206567	0.05927505107971446	0.057298799644027884	0.002021696566900739	0.0010647008729252575	4.970275769427261e-11	0.00023771148310482002	0.00044214217110695214	
100.00000083954092	0.059245389050741795	0.057298776875462525	0.002081043393399822	0.0010647008729252575	4.9649079701525133e-11	0.0004578602715112404	0.0001626693248968955	
